1	Chr1	0	9999
2	Chr1	10000	122,026,459
3	Chr1	122,026,460	125,184,587
4,5	Chr1	125,184,588	212,029,597
6	Chr1	212,029,598	214,685,438
7,8,9	Chr1	214,685,439	248,946,421
10	Chr1	248,946,422	248,956,421
---
1,2,3,4	Chr1	0	212,029,419	0	1
5,6,7	Chr1	212,029,420	214,685,868	2	3
8	Chr1	214,685,869	248,943,333	4	5
---
1	Chr1	0	9999
2	Chr1	10000	122,026,459
3	Chr1	122,026,460	125,184,587
4	Chr1	125,184,588	212,029,419
5	Chr1	212,029,420	212,029,597
6	Chr1	212,029,598	214,685,438
7	Chr1	214,685,439	214,685,868
8	Chr1	214,685,869	248,943,333
9	Chr1	248,943,334	248,946,421
10	Chr1	248,946,422	248,956,421
