Segments,smap_id,q_id,ref_c_id1,ref_c_id2,ref_start,ref_end,confidence,sv_type,size,VAF,Paths
Segment 2,192,431,1,1,180504812.0,188406913.0,0.4,translocation_intrachr,-1.0,0,[]
Segment 2,211,432,1,1,180504812.0,188406913.0,0.31,translocation_intrachr,-1.0,0,[]
Segment 4,192,431,1,1,180504812.0,188406913.0,0.4,translocation_intrachr,-1.0,0,['Path 2']
Segment 4,211,432,1,1,180504812.0,188406913.0,0.31,translocation_intrachr,-1.0,0,[]
Segment 5,285,1181,2,2,15924.0,9334521.0,0.21,translocation_intrachr,-1.0,0,['Path 3']
Segment 5,286,1182,2,2,15924.0,9334521.0,0.1,translocation_intrachr,-1.0,0,[]
Segment 6,285,1181,2,2,15924.0,9334521.0,0.21,translocation_intrachr,-1.0,0,[]
Segment 6,286,1182,2,2,15924.0,9334521.0,0.1,translocation_intrachr,-1.0,0,[]
Segment 7,595,552,3,3,16168267.0,20528202.0,0.99,deletion,4305428.1,0,[]
Segment 7,588,551,3,3,16168267.0,20528202.0,0.99,deletion,4305428.1,0,[]
Segment 9,595,552,3,3,16168267.0,20528202.0,0.99,deletion,4305428.1,0,['Path 5']
Segment 9,588,551,3,3,16168267.0,20528202.0,0.99,deletion,4305428.1,0,[]
Segment 10,867,1471,3,3,99896479.0,107195075.0,0.47,translocation_intrachr,-1.0,0,"['Path 4', 'Path 5', 'Path 5', 'Path 5']"
Segment 10,868,1472,3,3,99896479.0,107195075.0,0.66,translocation_intrachr,-1.0,0,[]
Segment 13,1256,642,5,8,101922930.0,99143753.0,0.56,translocation_interchr,-1.0,0,[]
Segment 13,1255,641,5,8,101922930.0,99143753.0,0.81,translocation_interchr,-1.0,0,[]
Segment 14,1257,982,5,8,101935091.5,107154344.0,0.89,translocation_interchr,-1.0,0,['Path 10']
Segment 14,1258,981,5,8,101935091.5,107154344.0,0.92,translocation_interchr,-1.0,0,[]
Segment 15,1355,1520,5,7,124558735.0,48718524.0,0.75,translocation_interchr,-1.0,0,[]
Segment 17,1356,1581,5,7,125662305.0,46775802.0,0.71,translocation_interchr,-1.0,0,['Path 10']
Segment 17,1357,1582,5,7,125662305.0,46775802.0,0.93,translocation_interchr,-1.0,0,[]
Segment 18,1360,1700,5,7,132320355.0,56256824.0,0.2,translocation_interchr,-1.0,0,['Path 9']
Segment 18,1358,1512,5,7,125669789.0,46765451.0,0.8,translocation_interchr,-1.0,0,[]
Segment 18,1359,1511,5,7,125669789.0,46765451.0,0.39,translocation_interchr,-1.0,0,[]
Segment 19,1361,1442,5,7,132327860.0,56245139.5,0.27,translocation_interchr,-1.0,0,[]
Segment 19,1362,1441,5,7,132327860.0,56245139.5,0.53,translocation_interchr,-1.0,0,[]
Segment 21,1496,702,6,15,113353155.0,64657040.0,0.48,translocation_interchr,-1.0,0,['Path 14']
Segment 21,1490,940,6,15,108774129.0,64651998.0,0.91,translocation_interchr,-1.0,0,[]
Segment 21,1493,701,6,15,113353155.0,64657040.0,0.38,translocation_interchr,-1.0,0,[]
Segment 23,1551,1550,6,6,148570169.0,154459017.0,0.73,translocation_intrachr,-1.0,0,[]
Segment 26,1551,1550,6,6,148570169.0,154459017.0,0.73,translocation_intrachr,-1.0,0,[]
Segment 28,1625,1462,7,7,17942843.0,25847065.0,0.06,translocation_intrachr,-1.0,0,['Path 9']
Segment 28,1626,1461,7,7,17942843.0,25847065.0,0.13,translocation_intrachr,-1.0,0,[]
Segment 29,1628,1681,7,7,25806906.0,25806906.0,-1.0,duplication_inverted,184356.0,0,['Path 9']
Segment 29,1630,1682,7,7,25806906.0,25806906.0,-1.0,duplication_inverted,270573.0,0,[]
Segment 30,1625,1462,7,7,17942843.0,25847065.0,0.06,translocation_intrachr,-1.0,0,['Path 9']
Segment 30,1626,1461,7,7,17942843.0,25847065.0,0.13,translocation_intrachr,-1.0,0,[]
Segment 30,1358,1512,5,7,125669789.0,46765451.0,0.8,translocation_interchr,-1.0,0,[]
Segment 30,1359,1511,5,7,125669789.0,46765451.0,0.39,translocation_interchr,-1.0,0,[]
Segment 31,1356,1581,5,7,125662305.0,46775802.0,0.71,translocation_interchr,-1.0,0,['Path 10']
Segment 31,1357,1582,5,7,125662305.0,46775802.0,0.93,translocation_interchr,-1.0,0,[]
Segment 33,1361,1442,5,7,132327860.0,56245139.5,0.27,translocation_interchr,-1.0,0,['Path 10']
Segment 33,1362,1441,5,7,132327860.0,56245139.5,0.53,translocation_interchr,-1.0,0,[]
Segment 33,1355,1520,5,7,124558735.0,48718524.0,0.75,translocation_interchr,-1.0,0,[]
Segment 34,1360,1700,5,7,132320355.0,56256824.0,0.2,translocation_interchr,-1.0,0,[]
Segment 34,1697,1632,7,7,89868585.0,92421171.0,1.0,inversion,295637.0,0,[]
Segment 34,1701,1631,7,7,89868585.0,92421171.0,0.99,inversion,294012.0,0,[]
Segment 35,1704,1600,7,7,89876042.5,92432311.0,1.0,inversion,287569.5,0,['Path 10']
Segment 35,1697,1632,7,7,89868585.0,92421171.0,1.0,inversion,295637.0,0,[]
Segment 35,1701,1631,7,7,89868585.0,92421171.0,0.99,inversion,294012.0,0,[]
Segment 36,1704,1600,7,7,89876042.5,92432311.0,1.0,inversion,287569.5,0,['Path 10']
Segment 36,1706,151,7,7,96018369.0,100700113.0,0.99,deletion,4466563.3,0,[]
Segment 36,1707,152,7,7,96018369.0,100700113.0,0.99,deletion,4466563.3,0,[]
Segment 38,1706,151,7,7,96018369.0,100700113.0,0.99,deletion,4466563.3,0,['Path 10']
Segment 38,1707,152,7,7,96018369.0,100700113.0,0.99,deletion,4466563.3,0,[]
Segment 39,1902,212,8,8,99133151.5,107157370.0,0.6,translocation_intrachr,-1.0,0,['Path 11']
Segment 39,1870,211,8,8,99133151.5,107157370.0,0.29,translocation_intrachr,-1.0,0,[]
Segment 40,1256,642,5,8,101922930.0,99143753.0,0.56,translocation_interchr,-1.0,0,['Path 12']
Segment 40,1257,982,5,8,101935091.5,107154344.0,0.89,translocation_interchr,-1.0,0,[]
Segment 40,1258,981,5,8,101935091.5,107154344.0,0.92,translocation_interchr,-1.0,0,[]
Segment 40,1255,641,5,8,101922930.0,99143753.0,0.81,translocation_interchr,-1.0,0,[]
Segment 41,1902,212,8,8,99133151.5,107157370.0,0.6,translocation_intrachr,-1.0,0,[]
Segment 41,1870,211,8,8,99133151.5,107157370.0,0.29,translocation_intrachr,-1.0,0,[]
Segment 43,2185,1382,10,10,46991592.0,48060267.0,0.95,inversion,189840.5,0,[]
Segment 44,2185,1382,10,10,46991592.0,48060267.0,0.95,inversion,189840.5,0,['Path 20']
Segment 44,2187,1570,10,10,46991592.0,48060267.0,0.88,inversion,283153.0,0,[]
Segment 45,2187,1570,10,10,46991592.0,48060267.0,0.88,inversion,283153.0,0,['Path 20']
Segment 45,2198,62,10,10,63064957.0,67298817.0,1.0,inversion,4221321.0,0,[]
Segment 45,2207,61,10,10,63064957.0,67298817.0,1.0,inversion,4221321.0,0,[]
Segment 46,2207,61,10,10,63064957.0,67298817.0,1.0,inversion,4221321.0,0,['Path 20']
Segment 46,2219,62,10,10,63077496.0,67318345.0,1.0,inversion,4221321.0,0,[]
Segment 46,2198,62,10,10,63064957.0,67298817.0,1.0,inversion,4221321.0,0,[]
Segment 46,2215,61,10,10,63077496.0,67318345.0,1.0,inversion,4221321.0,0,[]
Segment 47,2219,62,10,10,63077496.0,67318345.0,1.0,inversion,4221321.0,0,['Path 20']
Segment 47,2215,61,10,10,63077496.0,67318345.0,1.0,inversion,4221321.0,0,[]
Segment 48,2329,732,11,11,43860776.0,46032042.0,0.99,deletion,2057524.8,0,[]
Segment 48,2332,731,11,11,43860776.0,46032042.0,0.99,deletion,2057524.8,0,[]
Segment 50,2329,732,11,11,43860776.0,46032042.0,0.99,deletion,2057524.8,0,['Path 22']
Segment 50,2332,731,11,11,43860776.0,46032042.0,0.99,deletion,2057524.8,0,[]
Segment 54,1490,940,6,15,108774129.0,64651998.0,0.91,translocation_interchr,-1.0,0,[]
Segment 55,1496,702,6,15,113353155.0,64657040.0,0.48,translocation_interchr,-1.0,0,['Path 16']
Segment 55,1493,701,6,15,113353155.0,64657040.0,0.38,translocation_interchr,-1.0,0,[]
Segment 61,3328,1590,20,20,38709036.0,43409479.0,0.99,inversion,295453.0,0,[]
Segment 64,3328,1590,20,20,38709036.0,43409479.0,0.99,inversion,295453.0,0,[]
