#h	SmapEntryID	QryContigID	RefcontigID1	RefcontigID2	QryStartPos	QryEndPos	RefStartPos	RefEndPos	Confidence	Type	XmapID1	XmapID2	LinkID	QryStartIdx	QryEndIdx	RefStartIdx	RefEndIdx	Zygosity	Genotype	GenotypeGroup	RawConfidence	RawConfidenceLeft	RawConfidenceRight	RawConfidenceCenter	SVsize	SVfreq	Orientation	VAF
402	1492	2	2	302398.4	302398.4	87052278.0	87569811.0	0.87	inversion	43	47	403	54	54	17571	17651	heterozygous	1	-1	-1.0	69.4	62.9	-1.0	147508.0	0.055	NA	0.05
1117	1270	4	4	275650.9	307859.5	73066639.0	75457359.0	1.0	inversion	81	86	1118	62	67	14457	15000	heterozygous	1	-1	-1.0	71.34	81.58	-1.0	301426.0	0.363	NA	0.23
1119	1372	4	4	6277.7	173492.5	73090954.0	73172609.0	-1.0	duplication_inverted	82	85	-1	1	36	14463	14481	unknown	-1	-1	-1.0	22.26	77.55	-1.0	81655.0	0.204	NA	0.31
1120	1371	4	4	7316.8	445828.7	73090954.0	73308264.0	-1.0	duplication_inverted	83	84	-1	3	112	14463	14522	unknown	-1	-1	-1.0	62.53	77.55	-1.0	217310.0	0.252	NA	0.39
1734	2412	7	7	11237211.1	13607059.4	73011514.0	73118452.0	-1.0	duplication_inverted	134	139	-1	1906	2208	13578	13586	unknown	-1	-1	6.39	2514.63	6.39	13.91	106938.0	0.503	NA	0.38
2181	601	10	10	86760574.4	86760574.4	46991592.0	46991592.0	0.96	inversion	206	208	2182	16910	16910	8849	8849	heterozygous	1	-1	-1.0	1200.09	268.7	-1.0	1068675.0	0.19699999999999998	NA	0.43
2198	602	10	10	65843621.2	65847627.0	67841544.0	67850043.0	0.96	inversion	207	212	2199	12421	12422	13425	13426	heterozygous	1	526	-1.0	6715.78	1897.61	-1.0	7974855.0	0.125	NA	0.99
2200	601	10	10	85691802.4	85691802.4	48060267.0	48060267.0	0.96	inversion	208	209	2201	16733	16733	9033	9033	heterozygous	1	-1	-1.0	268.7	5305.72	-1.0	1068675.0	0.34600000000000003	NA	0.43
2216	601	10	10	65908332.0	65912337.7	67841544.0	67850043.0	0.96	inversion	209	211	2217	12428	12429	13425	13426	heterozygous	1	526	-1.0	5305.72	1886.07	-1.0	7974855.0	0.16399999999999998	NA	0.99
2223	601	10	10	57927380.1	57935234.6	75824898.0	75828285.0	0.96	inversion	211	215	2224	10932	10933	14943	14944	heterozygous	1	531	-1.0	1886.07	13990.09	-1.0	7974855.0	0.26	NA	0.99
2232	602	10	10	57863460.3	57871314.7	75824898.0	75828285.0	0.96	inversion	212	214	2233	10929	10930	14943	14944	heterozygous	1	531	-1.0	1897.61	13991.37	-1.0	7974855.0	0.251	NA	0.99
2305	222	11	11	49278945.7	49829869.3	60457.0	335480.0	-1.0	duplication_inverted	218	219	-1	9694	9777	1	42	unknown	-1	-1	-1.0	59.12	12424.42	-1.0	275023.0	0.319	NA	0.4
2874	1511	15	15	288964.5	288964.5	30963284.0	31639515.0	0.9	inversion	250	251	2875	54	54	2019	2117	heterozygous	1	-1	-1.0	73.72	68.59	-1.0	197002.0	0.083	NA	0.09
