Segments,smap_id,q_id,ref_c_id1,ref_c_id2,ref_start,ref_end,confidence,sv_type,size,VAF,Paths
Segment 2,323,82,2,2,81388766.0,82292270.0,0.99,deletion,786138.1,0,[]
Segment 4,323,82,2,2,81388766.0,82292270.0,0.99,deletion,786138.1,0,['Path 4']
Segment 5,429,1252,2,2,125643581.0,126712460.0,-1.0,duplication_split,1248879.0,0,"['Path 3', 'Path 4', 'Path 4', 'Path 4']"
Segment 5,431,1251,2,2,125643581.0,126712460.0,-1.0,duplication_split,1248879.0,0,[]
Segment 9,599,1280,2,2,226620042.0,228413973.0,-1.0,duplication_split,1877989.0,0,"['Path 3', 'Path 4', 'Path 4', 'Path 4']"
Segment 16,1440,1421,6,14,73013068.0,45343579.0,0.47,translocation_interchr,-1.0,0,[]
Segment 16,1441,1422,6,14,73013068.0,45343579.0,0.69,translocation_interchr,-1.0,0,[]
Segment 17,1442,1410,6,14,73009474.0,45325863.0,0.9,translocation_interchr,-1.0,0,['Path 13']
Segment 17,1428,121,6,14,74339668.0,46265520.0,0.92,translocation_interchr,-1.0,0,[]
Segment 17,1439,122,6,14,74339668.0,46265520.0,0.75,translocation_interchr,-1.0,0,[]
Segment 18,1498,21,6,14,74349589.0,46258845.0,0.95,translocation_interchr,-1.0,0,['Path 12']
Segment 18,1556,22,6,14,74349589.0,46258845.0,0.53,translocation_interchr,-1.0,0,[]
Segment 22,2190,1640,10,10,46991592.0,48060267.0,0.94,inversion,189840.5,0,[]
Segment 23,2190,1640,10,10,46991592.0,48060267.0,0.94,inversion,189840.5,0,[]
Segment 24,2189,502,10,10,58169442.0,60093195.0,0.99,deletion,1827773.4,0,[]
Segment 24,2174,501,10,10,58169442.0,60093195.0,0.99,deletion,1827773.3,0,[]
Segment 26,2189,502,10,10,58169442.0,60093195.0,0.99,deletion,1827773.4,0,['Path 22']
Segment 26,2174,501,10,10,58169442.0,60093195.0,0.99,deletion,1827773.3,0,[]
Segment 28,2449,571,12,12,25302699.0,26748693.0,0.99,deletion,1445850.3,0,[]
Segment 28,2447,572,12,12,25302699.0,26748693.0,0.99,deletion,1445895.1,0,[]
Segment 30,2449,571,12,12,25302699.0,26748693.0,0.99,deletion,1445850.3,0,['Path 25']
Segment 30,2451,571,12,12,31574653.0,33133457.0,0.99,deletion,1483740.9,0,[]
Segment 30,2453,572,12,12,31574653.0,33133457.0,0.99,deletion,1483740.9,0,[]
Segment 30,2447,572,12,12,25302699.0,26748693.0,0.99,deletion,1445895.1,0,[]
Segment 32,2451,571,12,12,31574653.0,33133457.0,0.99,deletion,1483740.9,0,['Path 25']
Segment 32,2532,51,12,12,131616407.0,133263960.0,1.0,inversion,1626998.0,0,[]
Segment 32,2453,572,12,12,31574653.0,33133457.0,0.99,deletion,1483740.9,0,[]
Segment 32,2599,52,12,12,131616407.0,133263960.0,1.0,inversion,1626998.0,0,[]
Segment 33,2532,51,12,12,131616407.0,133263960.0,1.0,inversion,1626998.0,0,['Path 25']
Segment 33,2599,52,12,12,131616407.0,133263960.0,1.0,inversion,1626998.0,0,[]
Segment 35,1442,1410,6,14,73009474.0,45325863.0,0.9,translocation_interchr,-1.0,0,['Path 13']
Segment 36,1440,1421,6,14,73013068.0,45343579.0,0.47,translocation_interchr,-1.0,0,['Path 14']
Segment 36,1441,1422,6,14,73013068.0,45343579.0,0.69,translocation_interchr,-1.0,0,[]
Segment 36,1498,21,6,14,74349589.0,46258845.0,0.95,translocation_interchr,-1.0,0,[]
Segment 36,1556,22,6,14,74349589.0,46258845.0,0.53,translocation_interchr,-1.0,0,[]
Segment 37,1428,121,6,14,74339668.0,46265520.0,0.92,translocation_interchr,-1.0,0,[]
Segment 37,1439,122,6,14,74339668.0,46265520.0,0.75,translocation_interchr,-1.0,0,[]
Segment 40,3038,1340,16,16,71984976.0,72933503.0,1.0,inversion,290289.0,0,[]
Segment 42,3038,1340,16,16,71984976.0,72933503.0,1.0,inversion,290289.0,0,['Path 31']
