#h	SmapEntryID	QryContigID	RefcontigID1	RefcontigID2	QryStartPos	QryEndPos	RefStartPos	RefEndPos	Confidence	Type	XmapID1	XmapID2	LinkID	QryStartIdx	QryEndIdx	RefStartIdx	RefEndIdx	Zygosity	Genotype	GenotypeGroup	RawConfidence	RawConfidenceLeft	RawConfidenceRight	RawConfidenceCenter	SVsize	SVfreq	Orientation	VAF
56	142	1	1	70807780.3	71077955.1	12800004.0	12938769.0	-1.0	duplication	5	7	-1	11766	11799	1677	1695	unknown	-1	-1	-1.0	1495.04	41.17	-1.0	138765.0	0.261	NA
93	141	1	1	66604602.2	67405619.0	16542040.0	16566162.0	0.99	inversion	6	10	94	11161	11263	2301	2302	heterozygous	1	44	-1.0	2170.05	16.23	-1.0	87138.0	0.551	NA
98	142	1	1	70607933.9	70623733.2	13149331.0	13242763.5	1.0	deletion	7	8	-1	11737	11741	1718	1736	heterozygous	2	39	41.17	41.17	633.8	1481.8	77633.2	0.457	NA
109	141	1	1	66604602.2	66651333.0	16653300.0	16653300.0	1.0	inversion	10	15	110	11161	11167	2315	2315	heterozygous	2	45	-1.0	16.23	29.49	-1.0	142370.0	0.136	NA
113	142	1	1	66596261.5	67047929.3	16566162.0	16653300.0	-1.0	duplication_inverted	11	12	-1	11145	11206	2302	2315	unknown	-1	-1	-1.0	16.26	15.07	-1.0	87138.0	0.095	NA
114	142	1	1	66683808.8	66730539.5	16653300.0	16653300.0	1.0	inversion	11	17	115	11158	11164	2315	2315	heterozygous	2	45	-1.0	16.26	13.98	-1.0	142370.0	0.095	NA
119	1200	1	1	272494.1	319227.9	16653300.0	16653300.0	1.0	inversion	13	18	120	32	38	2315	2315	heterozygous	2	45	-1.0	16.35	16.29	-1.0	142370.0	0.096	NA
200	141	1	1	58027493.1	58027493.1	25260347.0	25330499.5	1.0	deletion	23	24	-1	10015	10015	3632	3638	heterozygous	1	-1	1345.09	1345.09	9335.37	2121.64	70152.5	0.527	NA
334	902	1	1	702606.5	702606.5	120581428.5	120581428.5	0.87	inversion	38	40	335	96	96	23401	23401	heterozygous	1	-1	-1.0	76.78	111.28	-1.0	264476.0	0.161	NA
361	201	1	1	57208129.5	57208129.5	146893917.0	149352353.0	0.99	inversion	58	69	362	10046	10046	24278	24750	heterozygous	1	140	-1.0	122.86	11711.59	-1.0	566813.0	0.282	NA
363	202	1	1	57157978.3	57157978.3	146893917.0	149352353.0	0.98	inversion	59	68	364	10037	10037	24278	24750	heterozygous	1	140	-1.0	119.67	11872.28	-1.0	566813.0	0.289	NA
366	581	1	1	2127199.4	2263181.2	148832317.0	148832317.0	0.98	inversion	60	66	367	344	370	24648	24648	unknown	-1	140	-1.0	428.69	168.04	-1.0	533000.0	0.10300000000000001	NA
740	102	2	2	300536.1	300536.1	87052278.0	87431528.0	0.92	inversion	81	85	741	42	42	17571	17635	heterozygous	1	281	-1.0	7200.12	56.92	-1.0	285791.0	0.313	NA
745	622	2	2	798938.9	798938.9	87717319.0	87717319.0	0.96	inversion	83	89	746	122	122	17677	17677	heterozygous	1	-1	-1.0	148.61	327.58	-1.0	665041.0	0.14800000000000002	NA
750	621	2	2	805491.7	805491.7	87717319.0	87717319.0	0.97	inversion	84	88	751	125	125	17677	17677	heterozygous	1	-1	-1.0	143.0	320.55	-1.0	665041.0	0.107	NA
768	1071	2	2	0.0	1034913.5	89850801.0	91735352.0	-1.0	duplication_split	94	103	-1	0	130	18015	18152	unknown	-1	-1	-1.0	92.34	35.49	-1.0	1884551.0	0.204	NA
771	1812	2	2	2187.3	527116.4	91434682.0	91667740.0	-1.0	duplication_inverted	95	100	-1	1	62	18104	18139	unknown	-1	-1	-1.0	36.29	53.87	-1.0	233058.0	0.08900000000000001	NA
774	1811	2	2	6907.3	580612.1	91434682.0	91683933.0	-1.0	duplication_inverted	96	99	-1	1	72	18104	18144	unknown	-1	-1	-1.0	42.24	52.16	-1.0	249251.0	0.069	NA
785	1730	2	2	89979.5	381483.7	94196559.0	94280827.0	-1.0	duplication_inverted	106	107	-1	1	46	18237	18257	unknown	-1	-1	-1.0	22.29	20.95	-1.0	84268.0	0.337	NA
915	22	2	2	61976472.4	61979946.0	180132603.0	180135033.0	-1.0	duplication	117	120	-1	10923	10925	36101	36104	unknown	-1	-1	-1.0	14111.41	10148.23	-1.0	2430.0	0.273	NA
1008	22	2	2	14840296.3	14867182.8	227382252.0	227391893.0	-1.0	duplication	120	121	-1	2178	2185	46430	46433	unknown	-1	-1	-1.0	10148.23	2597.74	-1.0	9641.0	0.266	NA
1792	2290	5	5	261960.8	303905.3	34180433.0	34201784.0	-1.0	duplication	147	148	-1	54	61	6721	6725	unknown	-1	-1	-1.0	67.69	28.42	-1.0	21351.0	0.161	NA
1794	1440	5	5	243046.4	336790.4	46838202.0	46885074.0	-1.0	duplication	149	150	-1	16	32	9370	9379	unknown	-1	-1	-1.0	9.44	11.36	-1.0	46872.0	0.24600000000000002	NA
1795	1440	5	5	293966.7	409172.7	46838202.0	46890530.0	-1.0	duplication	150	151	-1	25	46	9370	9380	unknown	-1	-1	-1.0	11.36	13.3	-1.0	52328.0	0.267	NA
1844	1301	5	5	368970.6	368970.6	70211261.0	70464942.0	0.85	inversion	161	167	1845	72	72	13890	13941	heterozygous	2	657	-1.0	74.68	60.73	-1.0	316992.0	0.10800000000000001	NA
1847	1302	5	5	389129.3	389129.3	70211261.0	70464942.0	0.94	inversion	162	168	1848	74	74	13890	13941	heterozygous	2	657	-1.0	76.29	60.35	-1.0	316992.0	0.066	NA
1858	1531	5	5	380593.0	556522.2	70787855.0	70862183.5	0.91	inversion	170	173	1859	65	92	14008	14025	heterozygous	2	657	-1.0	51.12	30.99	-1.0	250668.0	0.16399999999999998	NA
1913	41	5	5	33794245.1	33799287.3	105093070.0	105169737.0	1.0	deletion	184	186	-1	6340	6341	21615	21631	heterozygous	1	-1	1863.05	2073.41	15784.33	1863.05	71624.8	0.503	NA
2105	191	6	6	28607056.2	28615570.8	29881621.5	29945007.0	1.0	deletion	189	189	-1	4875	4876	6013	6025	heterozygous	1	-1	351.64	5444.18	351.64	1587.18	54870.8	0.521	NA
2109	191	6	6	26143022.2	26170688.8	32372773.0	32383703.0	-1.0	duplication	189	195	-1	4536	4543	6392	6396	unknown	-1	-1	-1.0	6500.29	10.95	-1.0	10930.0	0.244	NA
2613	641	7	7	1711770.2	1711770.2	65168879.0	65168879.0	0.83	inversion	218	220	2614	240	240	12066	12066	homozygous	1	-1	-1.0	283.46	72.33	-1.0	358227.0	0.235	NA
2617	642	7	7	1684120.7	1684120.7	65168879.0	65168879.0	0.94	inversion	219	221	2618	243	243	12066	12066	homozygous	1	-1	-1.0	289.47	73.07	-1.0	358227.0	0.26	NA
2621	641	7	7	2080743.3	2080743.3	65527106.0	65527106.0	0.83	inversion	220	223	2622	306	306	12141	12141	homozygous	1	-1	-1.0	72.33	1512.76	-1.0	358227.0	0.263	NA
2626	642	7	7	2056335.2	2056335.2	65527106.0	65527106.0	0.94	inversion	221	222	2627	309	309	12141	12141	homozygous	1	-1	-1.0	73.07	1500.85	-1.0	358227.0	0.23199999999999998	NA
2657	781	7	7	187509.0	226982.1	75274217.0	75369522.0	1.0	deletion	230	230	-1	28	32	13875	13881	heterozygous	1	-1	28.25	28.25	192.07	258.68	55831.9	0.631	NA
2709	132	7	7	25839377.4	26015827.9	102495938.0	102574533.0	-1.0	duplication	234	238	-1	4595	4608	19454	19461	unknown	-1	-1	-1.0	5363.24	8575.21	-1.0	78595.0	0.214	NA
2716	131	7	7	25883726.9	26083968.7	102495938.0	102595105.0	-1.0	duplication	236	237	-1	4598	4612	19454	19462	unknown	-1	-1	-1.0	230.34	1553.13	-1.0	99167.0	0.19399999999999998	NA
2780	1640	7	7	210663.3	424301.9	143526684.0	143630419.0	-1.0	duplication	242	243	-1	30	58	28136	28151	unknown	-1	-1	-1.0	56.03	12.84	-1.0	103735.0	0.179	NA
2782	131	7	7	67572757.3	67572757.3	144185990.0	144221520.0	0.88	inversion	245	248	2783	12142	12142	28239	28245	heterozygous	1	990	-1.0	90.82	8.53	-1.0	45239.0	0.461	NA
2823	1910	7	7	127223.0	200072.6	144185990.0	144221520.0	0.94	inversion	247	249	2824	20	30	28239	28245	heterozygous	1	990	-1.0	25.35	13.49	-1.0	69567.0	0.322	NA
2825	1910	7	7	127223.0	296658.5	144185990.0	144221520.0	0.75	inversion	247	250	2826	20	44	28239	28245	heterozygous	1	990	-1.0	25.35	13.22	-1.0	69567.0	0.39299999999999996	NA
2828	131	7	7	67618011.7	67692134.6	144266759.0	144306700.0	0.84	inversion	248	252	2829	12150	12157	28254	28261	heterozygous	1	1015	-1.0	8.53	2668.49	-1.0	45239.0	0.23399999999999999	NA
2830	1910	7	7	269227.8	343243.1	144291087.0	144306700.0	0.97	inversion	249	251	2831	42	49	28260	28261	heterozygous	1	1015	-1.0	13.49	48.23	-1.0	69567.0	0.467	NA
2832	1910	7	7	199660.8	366225.5	144221520.0	144291087.0	-1.0	duplication	250	249	-1	30	56	28245	28260	unknown	-1	-1	-1.0	13.22	13.49	-1.0	69567.0	0.195	NA
3234	1931	9	9	320681.9	347740.7	39822667.0	41026869.0	0.8	inversion	279	299	3235	45	49	8655	8872	unknown	-1	1157	-1.0	48.38	37.38	-1.0	266516.0	0.134	NA
3242	1130	9	9	362459.4	362459.4	40232451.0	42568104.0	0.77	inversion	281	314	3243	55	55	8733	9156	unknown	-1	1157	-1.0	63.32	113.66	-1.0	357306.0	0.18600000000000003	NA
3251	1270	9	9	575881.8	617858.8	40251136.0	40571305.0	0.97	deletion	285	289	-1	91	95	8738	8794	unknown	-1	1158	38.5	38.51	40.49	1636.95	278192.0	0.134	NA
3267	1270	9	9	278157.8	324482.8	40826804.0	40975627.0	1.0	deletion	289	298	-1	51	52	8841	8856	unknown	-1	1159	36.58	40.49	36.58	1025.19	102498.0	0.076	NA
3290	2140	9	9	248349.3	345088.0	41293385.0	42346335.0	0.99	inversion	305	312	3291	46	65	8922	9114	heterozygous	1	-1	-1.0	20.61	22.31	-1.0	165905.0	0.285	NA
3297	1021	9	9	681343.5	724292.8	41981985.0	42161784.0	1.0	deletion	308	311	-1	103	108	9050	9081	heterozygous	1	-1	53.74	118.92	53.74	1248.43	136849.7	0.37	NA
3313	1722	9	9	163539.1	342987.8	62824320.0	62879128.0	-1.0	duplication_inverted	321	327	-1	26	57	9573	9582	unknown	-1	-1	-1.0	29.41	10.43	-1.0	54808.0	0.033	NA
3315	1751	9	9	262169.3	441799.6	62824320.0	62879128.0	-1.0	duplication_inverted	322	328	-1	38	69	9573	9582	unknown	-1	-1	-1.0	29.65	10.31	-1.0	54808.0	0.079	NA
3322	1721	9	9	261258.7	440707.4	62824320.0	62879128.0	-1.0	duplication_inverted	326	332	-1	37	68	9573	9582	unknown	-1	-1	-1.0	10.4	24.06	-1.0	54808.0	0.05	NA
3328	1752	9	9	262169.3	440863.0	62824320.0	62879128.0	-1.0	duplication_inverted	329	333	-1	38	69	9573	9582	unknown	-1	-1	-1.0	10.32	21.87	-1.0	54808.0	0.08	NA
3362	1721	9	9	145687.9	555984.6	68223237.0	68298843.0	-1.0	duplication_inverted	357	358	-1	14	90	10385	10405	unknown	-1	-1	-1.0	16.12	36.32	-1.0	75606.0	0.073	NA
4011	332	11	11	6778792.3	6816681.8	61206137.0	61224966.0	-1.0	duplication	402	405	-1	1131	1141	11397	11402	unknown	-1	-1	-1.0	1315.46	5329.23	-1.0	18829.0	0.16699999999999998	NA
4021	331	11	11	6779433.1	6817322.5	61206137.0	61224966.0	-1.0	duplication	403	404	-1	1136	1146	11397	11402	unknown	-1	-1	-1.0	1171.02	5350.27	-1.0	18829.0	0.166	NA
4230	342	12	12	9516583.8	9524779.9	9476201.5	9580571.0	1.0	deletion	411	413	-1	1542	1543	1791	1811	heterozygous	1	1512	309.52	1792.35	309.52	1826.69	96173.4	0.531	NA
4875	1351	15	15	0.0	742348.6	20184349.0	21190899.0	-1.0	duplication_split	444	451	-1	0	108	57	218	unknown	-1	-1	-1.0	44.24	81.32	-1.0	1006550.0	0.11900000000000001	NA
4878	1352	15	15	0.0	735306.5	20184349.0	21190899.0	-1.0	duplication_split	445	452	-1	0	103	57	218	unknown	-1	-1	-1.0	40.54	75.96	-1.0	1006550.0	0.12300000000000001	NA
4888	502	15	15	8432684.9	8722110.2	20425822.0	20431011.0	1.0	inversion	447	450	4889	1345	1397	106	107	unknown	-1	1745	-1.0	70.23	79.13	-1.0	568711.0	0.11800000000000001	NA
4940	501	15	15	7046836.3	7080530.5	28338926.0	28338926.0	0.99	inversion	463	464	4941	1136	1143	1555	1555	heterozygous	1	-1	-1.0	986.55	33.72	-1.0	5016740.0	0.276	NA
4971	701	15	15	0.0	2190008.6	30531668.0	32573159.0	-1.0	duplication_split	477	481	-1	0	321	1941	2284	unknown	-1	-1	-1.0	360.33	37.75	-1.0	2041491.0	0.195	NA
5012	162	15	15	58301307.5	58301307.5	43562457.0	43662008.0	1.0	deletion	484	485	-1	10000	10000	4610	4635	heterozygous	1	-1	2128.6	2363.54	6323.78	2128.6	99551.0	0.48200000000000004	NA
5059	1520	15	15	394881.0	398591.5	82357917.0	82421341.0	0.99	inversion	488	490	5060	74	75	12383	12406	heterozygous	1	-1	-1.0	57.04	10.08	-1.0	75078.0	0.242	NA
5061	1520	15	15	180773.8	394881.0	82421341.0	82496419.0	-1.0	duplication_inverted	489	490	-1	36	74	12406	12423	unknown	-1	-1	-1.0	69.72	10.08	-1.0	75078.0	0.195	NA
5150	362	16	16	15042315.1	15042315.1	14737727.0	14939034.0	0.8	inversion	500	508	5151	2099	2099	2349	2379	heterozygous	1	1824	-1.0	2434.76	58.09	-1.0	413349.5	0.19399999999999998	NA
5155	910	16	16	622363.3	822858.0	14939034.0	15023424.0	-1.0	duplication	502	509	-1	85	108	2379	2391	unknown	-1	-1	-1.0	42.81	110.51	-1.0	84390.0	0.066	NA
5158	361	16	16	15533619.7	15533619.7	14931610.0	15322465.0	0.93	inversion	503	510	5159	2151	2151	2378	2442	unknown	-1	1824	-1.0	21.58	1140.26	-1.0	125119.0	0.18600000000000003	NA
5163	362	16	16	15712540.4	15712540.4	14931610.0	15322465.0	0.9	inversion	504	511	5164	2185	2185	2378	2442	unknown	-1	1824	-1.0	21.59	1173.28	-1.0	125119.0	0.177	NA
5166	361	16	16	15203812.7	15408646.9	14939034.0	15017018.0	-1.0	duplication_inverted	505	507	-1	2108	2131	2379	2390	unknown	-1	-1	-1.0	10.77	55.84	-1.0	77984.0	0.095	NA
5167	362	16	16	15382733.4	15587567.6	14939034.0	15017018.0	-1.0	duplication_inverted	506	508	-1	2142	2165	2379	2390	unknown	-1	-1	-1.0	11.02	58.09	-1.0	77984.0	0.11	NA
5183	361	16	16	21665105.2	21665105.2	21500434.0	21505521.0	1.0	inversion	510	512	5184	3109	3109	3551	3552	homozygous	1	-1	-1.0	1140.26	166.41	-1.0	933281.0	0.58	NA
5189	362	16	16	21927229.6	21944459.3	21557960.0	21557960.0	1.0	inversion	511	513	5190	3148	3150	3557	3557	homozygous	1	-1	-1.0	1173.28	227.95	-1.0	1150207.0	0.207	NA
5192	361	16	16	22600521.6	22600521.6	22433445.0	22433445.0	0.91	inversion	512	514	5193	3246	3246	3715	3715	homozygous	1	-1	-1.0	166.41	1222.98	-1.0	927924.0	0.17800000000000002	NA
5194	362	16	16	23148962.8	23148962.8	22433445.0	22433445.0	0.92	inversion	513	515	5195	3333	3333	3715	3715	homozygous	1	-1	-1.0	227.95	1396.56	-1.0	927924.0	0.188	NA
5226	361	16	16	29577090.7	30527644.5	29396852.0	29498408.0	-1.0	duplication	516	517	-1	4351	4462	4971	4981	unknown	-1	-1	9.85	91.88	290.87	9.85	101556.0	0.266	NA
5227	361	16	16	29643380.4	30476494.9	29463027.0	29549672.0	-1.0	duplication	516	518	-1	4359	4460	4980	4989	unknown	-1	-1	8.1	102.14	290.87	8.1	86645.0	0.299	NA
5257	362	16	16	32759371.9	33098884.2	33525240.0	33625444.0	-1.0	duplication_split	533	534	-1	4783	4835	5604	5626	unknown	-1	-1	-1.0	116.45	11.77	-1.0	100204.0	0.32799999999999996	NA
5262	752	16	16	1494272.3	1519375.3	35154571.0	35227666.0	1.0	inversion	536	539	5263	171	172	5805	5821	heterozygous	1	-1	-1.0	87.6	50.09	-1.0	273676.0	0.305	NA
5266	752	16	16	884357.2	1494272.3	35227666.0	35501342.0	-1.0	duplication_inverted	538	539	-1	68	171	5821	5875	unknown	-1	-1	-1.0	151.7	50.09	-1.0	273676.0	0.255	NA
5304	442	16	16	15922459.8	16118135.8	74336652.0	74415966.0	-1.0	duplication	542	544	-1	2278	2294	11227	11235	unknown	-1	-1	-1.0	696.11	798.7	-1.0	79314.0	0.231	NA
5438	711	17	17	1716896.0	1716896.0	16806183.0	16821888.0	1.0	inversion	556	561	5439	197	197	2742	2744	heterozygous	1	-1	-1.0	88.49	263.37	-1.0	1687620.0	0.428	NA
5454	3042	17	17	2813145.1	2902058.6	18990189.0	19154549.0	1.0	deletion	566	566	-1	357	361	3048	3055	heterozygous	2	1916	81.91	81.91	405.4	455.71	75446.5	0.618	NA
5473	452	17	17	5705924.4	5705924.4	38055229.0	38179195.0	1.0	deletion	571	575	-1	782	782	5619	5635	homozygous	1	1928	947.59	2136.95	947.59	2153.68	123966.0	0.297	NA
5484	451	17	17	7214654.5	7214654.5	36180738.0	36392615.0	0.97	deletion	572	574	-1	1066	1066	5273	5300	heterozygous	1	-1	319.53	1771.28	319.53	2164.56	211877.0	0.40700000000000003	NA
5489	451	17	17	5575182.0	5681873.5	37920275.0	38150377.0	1.0	deletion	574	576	-1	787	795	5603	5628	homozygous	1	1928	319.53	319.53	971.86	623.43	123410.5	0.40299999999999997	NA
5514	572	17	17	210880.8	210880.8	45568280.0	46292706.0	0.91	inversion	577	585	5515	33	33	6788	6913	heterozygous	1	1942	-1.0	355.26	37.39	-1.0	202449.0	0.20600000000000002	NA
5520	571	17	17	90160.1	118160.3	46284336.0	46495155.0	1.0	deletion	578	586	-1	15	20	6912	6948	heterozygous	1	1943	19.43	494.9	19.43	1629.25	182818.8	0.18	NA
5522	3052	17	17	90248.5	118248.7	46284336.0	46495155.0	1.0	deletion	579	588	-1	15	20	6912	6948	heterozygous	1	1943	19.43	111.0	19.43	1629.25	182818.8	0.13	NA
5527	1690	17	17	121584.8	615807.9	46093800.5	46284336.0	-1.0	duplication	581	582	-1	21	103	6871	6912	unknown	-1	-1	-1.0	34.63	35.47	-1.0	190535.5	0.10400000000000001	NA
5528	1690	17	17	397179.2	425272.4	46284336.0	46495155.0	1.0	deletion	581	587	-1	67	72	6912	6948	heterozygous	1	1943	17.75	34.63	17.75	1627.59	182725.8	0.10400000000000001	NA
5530	1690	17	17	93110.7	121219.5	46284336.0	46495155.0	1.0	deletion	582	589	-1	16	21	6912	6948	heterozygous	1	1943	21.24	35.47	21.24	1627.31	182710.2	0.075	NA
5531	2300	17	17	217275.8	245286.1	46284336.0	46495155.0	1.0	deletion	583	591	-1	35	40	6912	6948	heterozygous	1	1943	35.22	35.22	42.87	1629.07	182808.7	0.19699999999999998	NA
5532	1400	17	17	505016.7	558592.3	46191438.0	46494698.0	0.89	inversion	584	590	5533	71	77	6896	6947	heterozygous	2	1942	-1.0	8.35	43.68	-1.0	49983.0	0.159	NA
5996	1991	19	19	10986900.2	11084708.6	47909327.0	47958080.0	-1.0	duplication	611	614	-1	1336	1355	6202	6221	unknown	-1	-1	-1.0	1714.58	346.96	-1.0	48753.0	0.21	NA
6015	1992	19	19	11044536.5	11230057.1	47903968.0	47958080.0	-1.0	duplication	612	613	-1	1338	1375	6200	6221	unknown	-1	-1	-1.0	1712.83	338.64	-1.0	54112.0	0.183	NA
6028	1991	19	19	13254743.5	13356005.5	50104770.0	50136873.0	-1.0	duplication	614	616	-1	1598	1618	6479	6485	unknown	-1	-1	-1.0	346.96	509.35	-1.0	32103.0	0.248	NA
6035	1991	19	19	16242850.9	16313334.0	53014073.0	53049234.0	-1.0	duplication	616	618	-1	2022	2030	6932	6936	unknown	-1	-1	-1.0	509.35	845.6	-1.0	35161.0	0.23	NA
6102	401	20	20	25834413.8	25888543.0	25782911.0	25898227.0	1.0	deletion	619	619	-1	4419	4423	5136	5145	homozygous	1	2179	64.24	4617.35	64.24	606.48	61186.8	0.312	NA
6138	402	20	20	25841672.5	25877019.2	25780817.0	25877506.0	1.0	deletion	620	620	-1	4424	4425	5135	5142	homozygous	1	2179	68.01	4631.71	68.01	864.38	61342.2	0.679	NA
6154	632	20	20	2050365.7	2050365.7	29123897.0	29294557.0	0.91	inversion	628	633	6155	271	271	5282	5288	heterozygous	2	2181	-1.0	24.89	106.49	-1.0	593935.0	0.192	NA
6167	631	20	20	1474014.6	1581618.0	29888492.0	29888492.0	0.93	inversion	632	636	6168	173	180	5396	5396	heterozygous	2	2181	-1.0	97.54	47.92	-1.0	593935.0	0.14300000000000002	NA
6673	1862	22	22	253613.0	262067.4	19225370.0	21188290.5	1.0	inversion	836	842	6674	25	26	915	1175	unknown	-1	2306	-1.0	61.43	17.73	-1.0	348712.0	0.204	NA
6695	382	22	22	4282553.1	4795979.3	25268731.0	25522155.0	-1.0	duplication	840	847	-1	540	610	1772	1808	unknown	-1	-1	-1.0	713.03	4226.26	-1.0	253424.0	0.252	NA
6890	221	23	23	9139706.6	9005779.9	49533121.0	49599964.0	-1.0	duplication	856	858	-1	1469	1455	9682	9689	unknown	-1	-1	9.17	7522.43	1557.41	9.17	66843.0	0.162	NA
6891	221	23	23	9149299.6	9005779.9	49533121.0	49599964.0	-1.0	duplication_inverted	856	859	-1	1470	1455	9682	9689	unknown	-1	-1	10.58	7522.43	1557.41	10.58	66843.0	0.162	NA
6934	222	23	23	9138281.5	9004354.9	49533121.0	49599964.0	-1.0	duplication	857	860	-1	1477	1463	9682	9689	unknown	-1	-1	9.17	7427.81	1586.6	9.17	66843.0	0.17300000000000001	NA
6935	222	23	23	9147874.5	9004354.9	49533121.0	49599964.0	-1.0	duplication_inverted	857	861	-1	1478	1463	9682	9689	unknown	-1	-1	10.58	7427.81	1586.6	10.58	66843.0	0.174	NA
7141	171	23	23	61199727.3	61199727.3	154153159.0	154227411.0	1.0	deletion	886	888	-1	10708	10708	30189	30197	homozygous	1	2507	132.92	132.92	318.39	2126.55	74252.0	0.5	NA
7143	172	23	23	61223679.9	61223679.9	154153159.0	154227411.0	1.0	deletion	887	889	-1	10713	10713	30189	30197	homozygous	1	2507	134.25	134.25	317.11	2126.55	74252.0	0.5	NA
7178	551	24	24	30224.3	252499.5	9400652.0	9534190.0	-1.0	duplication	906	907	-1	8	62	1518	1538	unknown	-1	-1	-1.0	92.24	20.54	-1.0	133538.0	0.11699999999999999	NA
7179	552	24	24	828418.5	909612.5	9460690.0	9501287.0	-1.0	duplication	909	912	-1	120	140	1519	1529	unknown	-1	-1	-1.0	11.21	162.76	-1.0	40597.0	0.102	NA
7180	552	24	24	869183.2	950377.2	9460690.0	9501287.0	-1.0	duplication	910	909	-1	130	150	1519	1529	unknown	-1	-1	-1.0	10.82	11.21	-1.0	40597.0	0.096	NA
7181	552	24	24	909926.8	991120.8	9460690.0	9501287.0	-1.0	duplication	911	910	-1	140	160	1519	1529	unknown	-1	-1	-1.0	10.82	10.82	-1.0	40597.0	0.09300000000000001	NA
7194	532	24	24	2338300.9	2411906.0	21512115.0	21538308.0	-1.0	duplication	949	951	-1	416	423	3784	3787	unknown	-1	-1	-1.0	103.88	46.07	-1.0	26193.0	0.17800000000000002	NA
7198	532	24	24	1916160.4	2340970.8	21535656.0	21736843.0	-1.0	duplication	951	952	-1	342	417	3786	3828	unknown	-1	-1	-1.0	46.07	44.3	-1.0	201187.0	0.25	NA
7200	531	24	24	1773738.8	1821152.0	21850935.0	21874472.0	-1.0	duplication	953	955	-1	320	327	3851	3855	unknown	-1	-1	-1.0	9.11	358.77	-1.0	23537.0	0.139	NA
7201	532	24	24	1794855.0	1842268.2	21850935.0	21874472.0	-1.0	duplication	954	956	-1	324	331	3851	3855	unknown	-1	-1	-1.0	9.4	364.8	-1.0	23537.0	0.198	NA
