(1, 0, 2, 'S')
(1, 16, 1, 'SV')
(1, 2, 1, 'R')
(17, 16, 2, 'S')
(15, 16, 1, 'R')
(17, 18, 1, 'R')
(4, 17, 1, 'SV')
(3, 18, 1, 'SV')
(19, 18, 2, 'S')
(3, 2, 2, 'S')
(3, 4, 1, 'R')
(2, 15, 1, 'SV')
(15, 14, 2, 'S')
(5, 4, 2, 'S')
(5, 94, 1, 'SV')
(5, 6, 1, 'R')
(93, 94, 1, 'R')
(95, 94, 2, 'S')
(93, 92, 2, 'S')
(6, 93, 1, 'SV')
(89, 92, 1, 'SV')
(91, 92, 1, 'R')
(88, 89, 2, 'S')
(89, 90, 1, 'R')
(90, 91, 1, 'S')
(7, 6, 2, 'S')
(7, 8, 1, 'R')
(7, 96, 1, 'SV')
(8, 9, 2, 'S')
(8, 95, 1, 'SV')
(9, 10, 2, 'R')
(10, 11, 1, 'SV')
(10, 11, 3, 'S')
(11, 12, 2, 'R')
(12, 13, 2, 'S')
(95, 96, 1, 'R')
(96, 97, 2, 'S')
(19, 20, 2, 'R')
(21, 20, 2, 'S')
(21, 22, 2, 'R')
(23, 22, 2, 'S')
(23, 24, 1, 'R')
(23, 25, 1, 'SV')
(25, 24, 2, 'S')
(24, 26, 1, 'SV')
(25, 26, 1, 'R')
(26, 27, 2, 'S')
