#h	SmapEntryID	QryContigID	RefcontigID1	RefcontigID2	QryStartPos	QryEndPos	RefStartPos	RefEndPos	Confidence	Type	XmapID1	XmapID2	LinkID	QryStartIdx	QryEndIdx	RefStartIdx	RefEndIdx	Zygosity	Genotype	GenotypeGroup	RawConfidence	RawConfidenceLeft	RawConfidenceRight	RawConfidenceCenter	SVsize	SVfreq	Orientation	VAF
270	1491	1	1	32025.9	370485.0	248353839.0	248470630.0	-1.0	duplication_inverted	38	40	-1	4	53	44888	44909	unknown	-1	-1	-1.0	42.1	19.25	-1.0	116791.0	0.102	NA	0.07
379	1521	2	2	298152.7	298152.7	87052278.0	87511142.0	0.87	inversion	45	48	380	52	52	17571	17642	heterozygous	1	-1	-1.0	68.77	77.09	-1.0	206177.0	0.08800000000000001	NA	0.11
395	511	2	2	12734851.6	12738853.0	107233485.0	107237686.0	1.0	inversion	59	62	396	2383	2384	20715	20716	heterozygous	1	93	-1.0	3083.27	195.69	-1.0	793600.0	0.091	NA	0.79
403	512	2	2	12735239.3	12739240.6	107233485.0	107237686.0	1.0	inversion	60	63	404	2383	2384	20715	20716	heterozygous	1	93	-1.0	3080.1	197.18	-1.0	793600.0	0.159	NA	0.79
406	511	2	2	13532614.7	13534309.4	108031286.0	108032808.0	1.0	inversion	62	66	407	2532	2533	20868	20869	heterozygous	1	95	-1.0	195.69	487.51	-1.0	793600.0	0.218	NA	0.79
410	512	2	2	13533002.3	13534697.0	108031286.0	108032808.0	1.0	inversion	63	67	411	2533	2534	20868	20869	heterozygous	1	95	-1.0	197.18	493.45	-1.0	793600.0	0.221	NA	0.79
635	82	3	3	14566351.0	14571628.2	76131299.0	76139613.0	1.0	inversion	77	82	636	3102	3103	15531	15532	heterozygous	1	162	-1.0	19140.18	216.87	-1.0	806437.0	0.179	NA	0.83
686	81	3	3	14565762.1	14571039.2	76131299.0	76139613.0	1.0	inversion	78	81	687	3102	3103	15531	15532	heterozygous	1	162	-1.0	19120.47	216.87	-1.0	806437.0	0.16	NA	0.83
690	81	3	3	13751949.4	13759950.7	76946050.0	76951042.0	1.0	inversion	81	85	691	2923	2924	15711	15712	heterozygous	1	164	-1.0	216.87	3547.63	-1.0	806437.0	0.209	NA	0.83
692	82	3	3	13752538.4	13760539.6	76946050.0	76951042.0	1.0	inversion	82	86	693	2923	2924	15711	15712	heterozygous	1	164	-1.0	216.87	3558.02	-1.0	806437.0	0.213	NA	0.83
774	691	3	3	1342721.4	1765257.3	136124118.0	136334329.0	-1.0	duplication_inverted	93	98	-1	232	311	27639	27678	unknown	-1	-1	-1.0	362.75	53.49	-1.0	210211.0	0.191	NA	0.22
776	692	3	3	1304322.2	1803396.4	136085786.0	136334329.0	-1.0	duplication_inverted	94	97	-1	223	319	27630	27678	unknown	-1	-1	-1.0	362.79	61.91	-1.0	248543.0	0.203	NA	0.23
1392	1241	5	5	-303795.7	883419.7	76677192.0	77270547.0	-1.0	duplication_split	116	118	-1	0	115	15301	15417	unknown	-1	-1	-1.0	65.16	84.21	-1.0	593355.0	0.15	NA	0.14
1393	1242	5	5	-303795.7	883286.8	76677192.0	77270547.0	-1.0	duplication_split	117	119	-1	0	104	15301	15417	unknown	-1	-1	-1.0	65.16	68.04	-1.0	593355.0	0.139	NA	0.13
1688	1160	7	7	299969.8	319672.9	48889313.0	49576028.0	1.0	inversion	130	133	1689	65	66	9738	9876	heterozygous	1	401	-1.0	83.79	71.28	-1.0	289875.0	0.20800000000000002	NA	0.2
1690	1251	7	7	286371.6	292970.7	49096618.5	49889650.0	1.0	inversion	131	135	1691	71	73	9775	9934	heterozygous	1	401	-1.0	52.08	87.53	-1.0	204691.5	0.154	NA	0.2
1692	1252	7	7	254014.3	260613.3	49187865.5	49889650.0	1.0	inversion	132	134	1693	64	66	9794	9934	heterozygous	2	401	-1.0	73.87	79.38	-1.0	295938.5	0.16399999999999998	NA	0.2
2025	1191	8	8	313919.9	313919.9	128454876.0	129114197.0	0.77	inversion	176	180	2026	68	68	26127	26276	heterozygous	1	480	-1.0	82.62	84.84	-1.0	303935.0	0.226	NA	0.33
2027	1192	8	8	283666.8	283666.8	128454876.0	129141784.0	0.74	inversion	177	181	2028	65	65	26127	26280	heterozygous	1	480	-1.0	82.9	80.41	-1.0	276348.0	0.218	NA	0.33
2029	1380	8	8	5280.3	533792.3	128454876.0	128713075.5	-1.0	duplication_inverted	178	179	-1	1	111	26127	26184	unknown	-1	-1	-1.0	69.9	82.38	-1.0	258199.5	0.282	NA	0.09
2106	1541	9	9	220919.8	220919.8	61850024.0	61892866.0	1.0	inversion	208	212	2107	29	29	9430	9441	heterozygous	1	-1	-1.0	43.92	50.16	-1.0	216427.0	0.064	NA	0.06
2371	1112	10	10	-1654127.8	2226040.6	122393430.0	124320474.0	-1.0	duplication_split	248	250	-1	0	93	24356	24706	unknown	-1	-1	-1.0	62.17	53.86	-1.0	1927044.0	0.086	NA	0.11
2372	1111	10	10	-1627904.8	2252674.6	122393430.0	124320474.0	-1.0	duplication_split	249	251	-1	0	95	24356	24706	unknown	-1	-1	-1.0	71.83	49.21	-1.0	1927044.0	0.076	NA	0.1
2379	241	11	11	38468898.4	38472088.0	11266026.0	11276201.5	1.0	inversion	252	255	2380	7864	7865	1912	1913	heterozygous	1	548	-1.0	2465.41	279.02	-1.0	1180576.5	0.132	NA	0.89
2389	242	11	11	38468734.9	38471924.5	11266026.0	11276201.5	1.0	inversion	253	256	2390	7866	7867	1912	1913	heterozygous	1	548	-1.0	2466.19	279.41	-1.0	1180576.5	0.165	NA	0.89
2391	241	11	11	37278743.0	37288228.7	12456778.0	12459321.0	1.0	inversion	255	259	2392	7647	7648	2135	2136	heterozygous	1	549	-1.0	279.02	9663.42	-1.0	1180576.5	0.265	NA	0.89
2394	242	11	11	37278261.6	37287747.3	12456778.0	12459321.0	1.0	inversion	256	260	2395	7649	7650	2135	2136	heterozygous	1	549	-1.0	279.41	9652.46	-1.0	1180576.5	0.251	NA	0.89
2750	1332	12	12	-754954.3	1358057.6	74241153.0	75290385.0	-1.0	duplication_split	273	275	-1	0	124	14833	15050	unknown	-1	-1	-1.0	72.06	80.53	-1.0	1049232.0	0.10099999999999999	NA	0.11
2751	1331	12	12	-758909.9	1354073.5	74241153.0	75290385.0	-1.0	duplication_split	274	276	-1	0	127	14833	15050	unknown	-1	-1	-1.0	77.69	76.03	-1.0	1049232.0	0.106	NA	0.11
3107	1511	16	16	201279.2	201279.2	21500434.0	22240599.0	0.88	inversion	315	316	3108	34	34	3551	3683	heterozygous	1	-1	-1.0	74.39	67.13	-1.0	198203.0	0.139	NA	0.14
3460	791	21	21	532751.6	1170458.3	6631056.0	6813597.5	-1.0	duplication_inverted	373	377	-1	69	139	165	191	unknown	-1	-1	-1.0	65.09	96.25	-1.0	182541.5	0.13699999999999998	NA	0.15
3461	792	21	21	529028.8	1166735.5	6631056.0	6813597.5	-1.0	duplication_inverted	374	378	-1	69	139	165	191	unknown	-1	-1	-1.0	66.51	95.91	-1.0	182541.5	0.14400000000000002	NA	0.14
3505	1150	21	21	23968.6	597305.2	25884922.0	26168075.0	-1.0	duplication	398	399	-1	3	128	3461	3526	unknown	-1	-1	-1.0	74.8	76.56	-1.0	283153.0	0.25	NA	0.1
