Segments,smap_id,q_id,ref_c_id1,ref_c_id2,ref_start,ref_end,confidence,sv_type,size,VAF,Paths
Segment 3,577,1392,2,2,180980899.0,188949975.0,0.92,translocation_intrachr,-1.0,0,[]
Segment 3,578,1391,2,2,180980899.0,188949975.0,0.19,translocation_intrachr,-1.0,0,[]
Segment 5,577,1392,2,2,180980899.0,188949975.0,0.92,translocation_intrachr,-1.0,0,['Path 4']
Segment 5,578,1391,2,2,180980899.0,188949975.0,0.19,translocation_intrachr,-1.0,0,[]
Segment 16,996,401,4,4,95524422.0,99163287.0,0.99,deletion,3548670.0,0,[]
Segment 16,1004,402,4,4,95524422.0,99163287.0,0.99,deletion,3548670.0,0,[]
Segment 18,996,401,4,4,95524422.0,99163287.0,0.99,deletion,3548670.0,0,['Path 7']
Segment 18,1004,402,4,4,95524422.0,99163287.0,0.99,deletion,3548670.0,0,[]
Segment 20,1448,622,6,6,66006189.0,69741306.0,0.99,deletion,3722893.1,0,[]
Segment 20,1452,621,6,6,66006189.0,69741306.0,0.99,deletion,3722893.1,0,[]
Segment 22,1448,622,6,6,66006189.0,69741306.0,0.99,deletion,3722893.1,0,['Path 11']
Segment 22,1452,621,6,6,66006189.0,69741306.0,0.99,deletion,3722893.1,0,[]
Segment 26,1944,301,8,8,122700615.0,128274423.0,0.99,inversion,5573259.0,0,[]
Segment 26,1955,302,8,8,122700615.0,128274423.0,0.98,inversion,5573259.0,0,[]
Segment 27,1968,302,8,8,122701164.0,128274423.0,0.76,inversion,5573259.0,0,['Path 15']
Segment 27,1955,302,8,8,122700615.0,128274423.0,0.98,inversion,5573259.0,0,[]
Segment 27,1964,301,8,8,122701164.0,128274423.0,0.87,inversion,5573259.0,0,[]
Segment 27,1944,301,8,8,122700615.0,128274423.0,0.99,inversion,5573259.0,0,[]
Segment 28,1968,302,8,8,122701164.0,128274423.0,0.76,inversion,5573259.0,0,['Path 15']
Segment 28,1964,301,8,8,122701164.0,128274423.0,0.87,inversion,5573259.0,0,[]
Segment 29,2138,1460,9,9,70143405.0,78443563.0,0.16,translocation_intrachr,-1.0,0,[]
Segment 31,2138,1460,9,9,70143405.0,78443563.0,0.16,translocation_intrachr,-1.0,0,['Path 18']
Segment 33,2144,1480,9,10,110617607.0,3778437.0,0.76,translocation_interchr,-1.0,0,['Path 16']
Segment 33,2146,1401,9,10,115417146.0,3777078.0,0.55,translocation_interchr,-1.0,0,[]
Segment 33,2147,1402,9,10,115417146.0,3777078.0,0.53,translocation_interchr,-1.0,0,[]
Segment 34,2161,461,9,9,134413529.0,138334464.0,1.0,inversion,3887392.0,0,[]
Segment 34,2171,462,9,9,134413529.0,138334464.0,1.0,inversion,3887392.0,0,[]
Segment 35,2161,461,9,9,134413529.0,138334464.0,1.0,inversion,3887392.0,0,['Path 16']
Segment 35,2171,462,9,9,134413529.0,138334464.0,1.0,inversion,3887392.0,0,[]
Segment 36,2144,1480,9,10,110617607.0,3778437.0,0.76,translocation_interchr,-1.0,0,[]
Segment 37,2200,521,10,10,17728756.0,23252220.0,0.57,translocation_intrachr,-1.0,0,['Path 18']
Segment 37,2146,1401,9,10,115417146.0,3777078.0,0.55,translocation_interchr,-1.0,0,[]
Segment 37,2147,1402,9,10,115417146.0,3777078.0,0.53,translocation_interchr,-1.0,0,[]
Segment 37,2198,522,10,10,17728756.0,23252220.0,0.13,translocation_intrachr,-1.0,0,[]
Segment 40,2200,521,10,10,17728756.0,23252220.0,0.57,translocation_intrachr,-1.0,0,['Path 18']
Segment 40,2198,522,10,10,17728756.0,23252220.0,0.13,translocation_intrachr,-1.0,0,[]
Segment 42,2368,680,11,11,43860776.0,46031276.0,0.99,deletion,2057578.1,0,[]
Segment 44,2368,680,11,11,43860776.0,46031276.0,0.99,deletion,2057578.1,0,['Path 22']
Segment 44,2434,281,11,15,127836740.5,91265680.0,0.07,translocation_interchr,-1.0,0,[]
Segment 44,2464,282,11,15,127836740.5,91265680.0,0.35,translocation_interchr,-1.0,0,[]
Segment 45,2473,541,11,15,127846828.0,99184006.0,0.38,translocation_interchr,-1.0,0,['Path 20']
Segment 45,2479,542,11,15,127846828.0,99184006.0,0.22,translocation_interchr,-1.0,0,[]
Segment 49,2975,720,15,15,91255829.0,99192973.0,0.05,translocation_intrachr,-1.0,0,['Path 21']
Segment 50,2464,282,11,15,127836740.5,91265680.0,0.35,translocation_interchr,-1.0,0,['Path 22']
Segment 50,2473,541,11,15,127846828.0,99184006.0,0.38,translocation_interchr,-1.0,0,[]
Segment 50,2434,281,11,15,127836740.5,91265680.0,0.07,translocation_interchr,-1.0,0,[]
Segment 50,2479,542,11,15,127846828.0,99184006.0,0.22,translocation_interchr,-1.0,0,[]
Segment 51,2975,720,15,15,91255829.0,99192973.0,0.05,translocation_intrachr,-1.0,0,[]
Segment 52,3082,1371,16,16,87526085.0,90224751.0,0.99,inversion,264844.0,0,[]
Segment 53,3082,1371,16,16,87526085.0,90224751.0,0.99,inversion,264844.0,0,['Path 29']
Segment 57,3304,431,20,20,70156.0,8325524.0,-1.0,duplication_split,8261904.0,0,"['Path 36', 'Path 36', 'Path 36', 'Path 36']"
Segment 57,3318,432,20,20,70156.0,8325524.0,-1.0,duplication_split,8261904.0,0,[]
Segment 58,3305,431,20,20,15004460.5,23868290.0,0.97,inversion,8859020.0,0,[]
Segment 58,3319,432,20,20,15004460.5,23868290.0,0.97,inversion,8859020.0,0,[]
Segment 59,3305,431,20,20,15004460.5,23868290.0,0.97,inversion,8859020.0,0,"['Path 36', 'Path 36']"
Segment 59,3319,432,20,20,15004460.5,23868290.0,0.97,inversion,8859020.0,0,[]
Segment 59,3324,431,20,20,15009270.0,23878591.0,0.99,inversion,8859020.0,0,[]
Segment 59,3327,432,20,20,15009270.0,23878591.0,0.99,inversion,8859020.0,0,[]
Segment 60,3324,431,20,20,15009270.0,23878591.0,0.99,inversion,8859020.0,0,[]
Segment 60,3327,432,20,20,15009270.0,23878591.0,0.99,inversion,8859020.0,0,[]
