[0, 1, 2, 3, 4, 5, 82, 81, 80, 79, 78, 77, 76, 75, 74, 83, 84, 85, 86, 87, 88, 89, 8, 9, 7, 6]
(1, 0, 2, 'S')
(1, 2, 1, 'R')
(2, 3, 2, 'S')
(2, 85, 1, 'SV')
(3, 4, 2, 'R')
(4, 5, 3, 'S')
(5, 82, 1, 'SV')
(5, 6, 2, 'R')
(81, 82, 3, 'R')
(83, 82, 4, 'S')
(80, 81, 3, 'S')
(79, 80, 3, 'R')
(78, 79, 3, 'S')
(77, 78, 2, 'R')
(76, 77, 2, 'S')
(75, 76, 2, 'R')
(75, 74, 2, 'S')
(83, 84, 4, 'R')
(84, 85, 4, 'S')
(85, 86, 2, 'R')
(87, 86, 2, 'S')
(87, 88, 1, 'R')
(8, 87, 1, 'SV')
(88, 89, 2, 'S')
(8, 9, 2, 'S')
(7, 8, 1, 'R')
(7, 6, 2, 'S')
