(1, 0, 2, 'S')
(1, 2, 1, 'R')
(1, 4, 1, 'SV')
(3, 2, 2, 'S')
(2, 31, 1, 'SV')
(3, 32, 1, 'SV')
(3, 4, 1, 'R')
(33, 32, 2, 'S')
(31, 32, 1, 'R')
(33, 34, 1, 'R')
(22, 33, 1, 'SV')
(35, 34, 2, 'S')
(21, 34, 1, 'SV')
(24, 35, 1, 'SV')
(35, 36, 1, 'R')
(24, 25, 2, 'S')
(23, 24, 1, 'R')
(23, 36, 1, 'SV')
(23, 22, 2, 'S')
(36, 37, 2, 'S')
(21, 22, 1, 'R')
(21, 20, 2, 'S')
(31, 30, 2, 'S')
(28, 30, 1, 'SV')
(29, 30, 1, 'R')
(27, 28, 1, 'R')
(29, 28, 2, 'S')
(27, 26, 2, 'S')
(27, 29, 1, 'SV')
(5, 4, 2, 'S')
(5, 8, 1, 'SV')
(5, 6, 1, 'R')
(9, 8, 2, 'S')
(7, 8, 1, 'R')
(9, 10, 1, 'R')
(9, 110, 1, 'SV')
(11, 10, 2, 'S')
(10, 109, 1, 'SV')
(11, 112, 1, 'SV')
(11, 12, 1, 'R')
(112, 113, 2, 'S')
(111, 112, 1, 'R')
(12, 111, 1, 'SV')
(111, 110, 2, 'S')
(12, 13, 2, 'S')
(109, 110, 1, 'R')
(109, 108, 2, 'S')
(7, 52, 1, 'SV')
(7, 6, 2, 'S')
(51, 52, 1, 'R')
(53, 52, 2, 'S')
(51, 50, 2, 'S')
(6, 51, 1, 'SV')
(49, 50, 1, 'R')
(50, 55, 1, 'SV')
(49, 48, 2, 'S')
(49, 56, 1, 'SV')
(57, 56, 2, 'S')
(55, 56, 1, 'R')
(57, 58, 1, 'R')
(54, 57, 1, 'SV')
(58, 59, 2, 'S')
(53, 58, 1, 'SV')
(53, 54, 1, 'R')
(55, 54, 2, 'S')
