#h	SmapEntryID	QryContigID	RefcontigID1	RefcontigID2	QryStartPos	QryEndPos	RefStartPos	RefEndPos	Confidence	Type	XmapID1	XmapID2	LinkID	QryStartIdx	QryEndIdx	RefStartIdx	RefEndIdx	Zygosity	Genotype	GenotypeGroup	RawConfidence	RawConfidenceLeft	RawConfidenceRight	RawConfidenceCenter	SVsize	SVfreq	Orientation	VAF
379	1291	2	2	299356.6	299356.6	87052278.0	87511142.0	0.84	inversion	47	52	380	53	53	17571	17642	heterozygous	1	-1	-1.0	68.81	78.1	-1.0	206177.0	0.085	NA	0.08
742	1190	3	3	314899.7	320878.0	29277769.0	32067085.0	1.0	inversion	77	80	743	62	63	6064	6705	heterozygous	1	189	-1.0	77.37	82.1	-1.0	309837.0	0.245	NA	0.25
744	1171	3	3	297924.8	301816.6	29548861.0	32381474.0	0.99	inversion	78	81	745	68	69	6133	6769	heterozygous	2	189	-1.0	77.03	86.1	-1.0	265804.0	0.166	NA	0.25
746	1172	3	3	297886.9	301778.7	29549820.0	32381474.0	1.0	inversion	79	82	747	68	69	6134	6769	heterozygous	2	189	-1.0	81.83	85.82	-1.0	266763.0	0.19	NA	0.25
1561	22	6	6	7208302.0	7216436.2	163785221.0	163788593.0	1.0	inversion	121	126	1562	1239	1240	34107	34108	heterozygous	1	-1	-1.0	27127.75	1586.75	-1.0	6951304.0	0.27	NA	0.5
1628	1711	6	6	5610.9	387696.8	163788593.0	163978346.0	-1.0	duplication_inverted	124	127	-1	1	71	34108	34144	unknown	-1	-1	-1.0	48.48	1587.18	-1.0	189753.0	0.231	NA	0.43
2342	1092	10	10	233788.3	233788.3	46991592.0	47870426.5	0.89	inversion	214	216	2343	34	34	8849	8998	heterozygous	1	-1	-1.0	73.6	73.1	-1.0	189840.5	0.134	NA	0.15
2436	271	11	11	19019075.6	19027612.7	116009166.0	116016692.0	1.0	inversion	225	228	2437	3464	3465	22295	22296	heterozygous	1	-1	-1.0	7159.59	962.81	-1.0	4295941.0	0.168	NA	0.92
2454	272	11	11	19042850.2	19051387.2	116009166.0	116016692.0	1.0	inversion	226	229	2455	3468	3469	22295	22296	heterozygous	1	-1	-1.0	7140.36	966.85	-1.0	4295941.0	0.193	NA	0.92
2459	271	11	11	14717691.0	14724291.2	120312633.0	120320230.0	1.0	inversion	228	232	2460	2727	2728	23046	23047	heterozygous	1	602	-1.0	962.81	3527.7	-1.0	4295941.0	0.19899999999999998	NA	0.92
2466	272	11	11	14740868.7	14747468.8	120312633.0	120320230.0	1.0	inversion	229	233	2467	2733	2734	23046	23047	heterozygous	1	602	-1.0	966.85	3528.76	-1.0	4295941.0	0.177	NA	0.92
2726	61	13	13	9295022.1	9297691.6	105337628.0	105337628.0	0.96	inversion	239	241	2727	1633	1634	18648	18648	homozygous	1	-1	-1.0	22693.74	2102.55	-1.0	9014474.0	0.397	NA	1.0
2769	62	13	13	9278474.8	9281144.2	105337628.0	105337628.0	0.96	inversion	240	242	2770	1632	1633	18648	18648	homozygous	1	-1	-1.0	22719.04	2108.07	-1.0	9014474.0	0.444	NA	1.0
2781	751	14	14	5915.1	855455.5	18691570.0	18890578.0	-1.0	duplication_inverted	243	245	-1	1	130	86	96	unknown	-1	-1	-1.0	215.07	14.96	-1.0	199008.0	0.349	NA	0.37
2906	740	15	15	47210.5	985320.7	30109229.0	30578206.0	-1.0	duplication	259	260	-1	5	164	1862	1945	unknown	-1	-1	-1.0	115.02	154.35	-1.0	468977.0	0.212	NA	0.37
2907	740	15	15	1175608.1	1175608.1	30768391.0	31430615.0	0.83	inversion	260	268	2908	201	201	1983	2083	heterozygous	1	698	-1.0	154.35	70.47	-1.0	206577.0	0.092	NA	0.08
2910	1300	15	15	270085.4	270085.4	30966711.0	31639515.0	0.9	inversion	263	269	2911	51	51	2021	2117	heterozygous	2	698	-1.0	78.58	67.04	-1.0	200429.0	0.073	NA	0.08
2943	161	15	15	-2169075.5	4156589.5	98816662.0	101976509.0	-1.0	duplication	264	274	-1	0	773	15659	16240	unknown	-1	-1	-1.0	17694.94	251.26	-1.0	3159847.0	0.332	NA	0.41
2981	162	15	15	-2180083.7	4145423.4	98816662.0	101976509.0	-1.0	duplication	265	273	-1	0	772	15659	16240	unknown	-1	-1	-1.0	17675.85	250.66	-1.0	3159847.0	0.287	NA	0.51
2984	740	15	15	777814.0	1086266.4	31726518.5	32159951.0	0.99	deletion	268	270	-1	131	184	2133	2208	heterozygous	2	717	70.47	70.47	91.02	368.54	124980.0	0.11900000000000001	NA	0.09
3021	1312	16	16	297989.5	297989.5	21500434.0	22240599.0	0.89	inversion	288	290	3022	51	51	3551	3683	heterozygous	1	-1	-1.0	65.61	67.14	-1.0	198203.0	0.055	NA	0.05
