#h	SmapEntryID	QryContigID	RefcontigID1	RefcontigID2	QryStartPos	QryEndPos	RefStartPos	RefEndPos	Confidence	Type	XmapID1	XmapID2	LinkID	QryStartIdx	QryEndIdx	RefStartIdx	RefEndIdx	Zygosity	Genotype	GenotypeGroup	RawConfidence	RawConfidenceLeft	RawConfidenceRight	RawConfidenceCenter	SVsize	SVfreq	Orientation	VAF
115	690	1	1	45159.8	2736511.1	147062578.0	148404176.0	-1.0	duplication_split	25	27	-1	5	318	24309	24570	unknown	-1	-1	-1.0	327.4	69.92	-1.0	1341598.0	0.248	NA	0.21
346	1130	2	2	-420851.5	1069159.7	52116478.0	52856961.0	-1.0	duplication_split	41	42	-1	0	142	10291	10453	unknown	-1	-1	-1.0	90.49	89.78	-1.0	740483.0	0.264	NA	0.3
347	1542	2	2	284171.3	284171.3	87052278.0	87542061.0	0.84	inversion	44	47	348	48	48	17571	17644	heterozygous	1	-1	-1.0	62.13	70.64	-1.0	175258.0	0.043	NA	0.05
600	1251	3	3	102185.2	125756.0	55991543.0	57604444.0	0.99	inversion	77	83	601	21	24	11203	11525	heterozygous	1	129	-1.0	23.68	62.42	-1.0	89758.0	0.091	NA	0.24
603	1252	3	3	287645.8	311216.7	56178937.0	57604444.0	1.0	inversion	78	84	604	57	60	11243	11525	heterozygous	2	129	-1.0	70.73	66.11	-1.0	277152.0	0.271	NA	0.24
605	1351	3	3	3393.5	446416.3	57380312.0	57596933.0	-1.0	duplication_inverted	79	82	-1	1	93	11477	11524	unknown	-1	-1	-1.0	82.56	59.13	-1.0	216621.0	0.14300000000000002	NA	0.21
606	1352	3	3	2704.1	548670.8	57328835.0	57596933.0	-1.0	duplication_inverted	80	81	-1	1	113	11467	11524	unknown	-1	-1	-1.0	82.52	72.56	-1.0	268098.0	0.195	NA	0.27
610	1120	3	3	293617.9	315242.7	58401100.0	59969214.0	1.0	inversion	85	88	611	53	54	11683	11999	heterozygous	1	-1	-1.0	72.25	87.24	-1.0	299606.0	0.33799999999999997	NA	0.26
612	1360	3	3	28717.4	565504.0	58419908.0	58684737.0	-1.0	duplication_inverted	86	87	-1	6	95	11685	11733	unknown	-1	-1	-1.0	53.28	62.07	-1.0	264829.0	0.27399999999999997	NA	0.08
613	1180	3	3	-432924.9	1018223.4	88535503.0	89257729.0	-1.0	duplication_split	89	90	-1	0	144	18192	18369	unknown	-1	-1	-1.0	84.79	83.08	-1.0	722226.0	0.22699999999999998	NA	0.28
1020	191	4	4	14756514.9	14759050.7	175410516.0	175412836.0	1.0	inversion	99	102	1021	2919	2920	37205	37206	heterozygous	1	250	-1.0	11708.32	307.49	-1.0	1053389.0	0.20600000000000002	NA	0.83
1056	192	4	4	14756861.1	14759397.0	175410516.0	175412836.0	1.0	inversion	100	103	1057	2919	2920	37205	37206	heterozygous	1	250	-1.0	11712.68	307.91	-1.0	1053389.0	0.184	NA	0.83
1060	192	4	4	13703617.6	13703617.6	176466225.0	176466225.0	0.8	inversion	103	107	1061	2674	2674	37456	37456	heterozygous	1	-1	-1.0	307.91	3430.16	-1.0	1053389.0	0.326	NA	0.83
1755	1230	8	8	-960826.6	1605017.7	37175025.0	38447691.0	-1.0	duplication_split	159	160	-1	0	118	7265	7487	unknown	-1	-1	-1.0	65.76	76.86	-1.0	1272666.0	0.27399999999999997	NA	0.26
2316	1340	11	11	292943.9	310105.8	130305630.0	131852484.0	1.0	inversion	237	240	2317	49	50	24978	25271	heterozygous	1	543	-1.0	51.42	64.95	-1.0	281034.5	0.235	NA	0.29
2319	1241	11	11	257454.8	279267.6	130606257.0	132158355.0	1.0	inversion	238	242	2320	48	49	25032	25321	heterozygous	2	543	-1.0	64.6	66.92	-1.0	286465.0	0.22399999999999998	NA	0.29
2322	1242	11	11	220106.8	241919.6	130606257.0	132158355.0	1.0	inversion	239	241	2323	37	38	25032	25321	heterozygous	2	543	-1.0	64.6	52.57	-1.0	286465.0	0.21600000000000005	NA	0.29
2865	1511	15	15	184698.9	184698.9	30949599.0	31639515.0	0.85	inversion	266	267	2866	33	33	2015	2117	heterozygous	1	-1	-1.0	71.36	71.29	-1.0	183317.0	0.076	NA	0.06
2940	1140	16	16	289106.0	301206.4	58545180.0	59378522.0	1.0	inversion	295	298	2941	57	58	8211	8381	heterozygous	1	-1	-1.0	64.35	67.13	-1.0	303426.0	0.319	NA	0.23
2944	1330	16	16	42782.5	584232.4	59106618.0	59368288.0	-1.0	duplication_inverted	296	297	-1	8	134	8317	8380	unknown	-1	-1	-1.0	88.05	72.83	-1.0	261670.0	0.301	NA	0.4
3153	1270	18	18	302990.0	305263.0	31096948.0	31641966.0	1.0	inversion	315	317	3154	76	77	5287	5417	heterozygous	1	711	-1.0	76.28	94.2	-1.0	300667.0	0.3	NA	0.27
3157	1220	18	18	292074.1	303102.1	31405352.0	31954949.5	1.0	inversion	316	318	3158	65	66	5368	5494	heterozygous	2	711	-1.0	91.89	79.98	-1.0	307415.0	0.295	NA	0.27
3160	1150	18	18	-1571447.7	2190714.2	56779005.0	58656592.0	-1.0	duplication_split	319	320	-1	0	132	10668	11041	unknown	-1	-1	-1.0	90.12	60.65	-1.0	1877587.0	0.248	NA	0.25
3253	641	21	21	210218.4	317205.9	8129638.0	8419106.0	0.99	deletion	348	352	-1	9	25	319	352	heterozygous	1	730	34.97	34.97	320.83	4419.8	182480.5	0.174	NA	0.16
3276	851	21	21	639516.9	882852.2	27559688.0	27680643.0	-1.0	duplication_inverted	362	368	-1	137	188	3825	3850	unknown	-1	-1	-1.0	212.18	34.7	-1.0	120955.0	0.111	NA	0.19
3303	852	21	21	381024.4	916487.1	27413620.0	27680643.0	-1.0	duplication_inverted	365	367	-1	89	186	3800	3850	unknown	-1	-1	-1.0	171.9	63.44	-1.0	267023.0	0.126	NA	0.25
3305	1010	21	21	296955.4	299371.7	27333565.0	27682460.0	0.99	inversion	366	369	3306	67	68	3782	3851	heterozygous	1	-1	-1.0	81.17	65.26	-1.0	296346.0	0.16699999999999998	NA	0.12
3535	1320	23	23	-1548730.5	2165932.9	146841288.0	148698735.0	-1.0	duplication_split	394	395	-1	0	123	28829	29231	unknown	-1	-1	-1.0	87.6	71.0	-1.0	1857447.0	0.205	NA	0.21
