#h	SmapEntryID	QryContigID	RefcontigID1	RefcontigID2	QryStartPos	QryEndPos	RefStartPos	RefEndPos	Confidence	Type	XmapID1	XmapID2	LinkID	QryStartIdx	QryEndIdx	RefStartIdx	RefEndIdx	Zygosity	Genotype	GenotypeGroup	RawConfidence	RawConfidenceLeft	RawConfidenceRight	RawConfidenceCenter	SVsize	SVfreq	Orientation	VAF
1961	1552	9	9	10374.1	415409.6	1913744.0	2105083.5	-1.0	duplication_inverted	152	154	-1	1	82	402	444	unknown	-1	-1	-1.0	49.3	53.7	-1.0	191339.5	0.161	NA	0.03
1962	1551	9	9	49648.8	475824.7	1913744.0	2115452.0	-1.0	duplication_inverted	153	155	-1	7	90	402	445	unknown	-1	-1	-1.0	53.2	55.11	-1.0	201708.0	0.2	NA	0.05
1995	1352	9	9	286447.8	293329.0	25197062.0	29297677.0	0.99	inversion	159	163	1996	61	62	5711	6645	heterozygous	1	500	-1.0	78.66	89.21	-1.0	310287.0	0.139	NA	0.17
1997	1351	9	9	271752.8	278633.9	25197062.0	29297677.0	0.99	inversion	160	162	1998	58	59	5711	6645	heterozygous	1	500	-1.0	75.23	88.95	-1.0	310287.0	0.134	NA	0.17
2001	1420	9	9	308377.3	320862.9	25503836.0	29625246.0	1.0	inversion	161	164	2002	67	68	5779	6715	heterozygous	2	500	-1.0	81.99	76.61	-1.0	304673.0	0.188	NA	0.17
2270	72	10	10	4484295.6	5797677.6	46514195.5	46564988.0	-1.0	duplication_inverted	229	230	-1	839	1085	8751	8758	unknown	-1	-1	8.22	1097.32	21716.48	8.22	50792.5	0.581	NA	0.41
2334	1461	11	11	2011.3	544948.7	46793394.0	47058498.0	-1.0	duplication_inverted	251	253	-1	1	122	9416	9479	unknown	-1	-1	-1.0	87.48	80.24	-1.0	265104.0	0.248	NA	0.3
2335	1462	11	11	1164.8	276866.3	46926940.0	47058498.0	-1.0	duplication_inverted	252	254	-1	1	66	9446	9479	unknown	-1	-1	-1.0	87.48	43.82	-1.0	131558.0	0.105	NA	0.14
2539	1430	12	12	8952.2	561504.2	67951422.0	68219654.0	-1.0	duplication_inverted	269	270	-1	1	113	13436	13494	unknown	-1	-1	-1.0	73.42	80.56	-1.0	268232.0	0.235	NA	0.06
2959	1570	15	15	306962.9	306962.9	30945885.0	31639515.0	0.84	inversion	303	304	2960	55	55	2014	2117	heterozygous	1	-1	-1.0	66.88	76.77	-1.0	179603.0	0.054000000000000006	NA	0.04
3327	1061	21	21	330741.6	330741.6	6155925.0	7554464.0	0.89	inversion	364	375	3328	39	39	115	271	heterozygous	1	-1	-1.0	89.9	52.57	-1.0	385917.0	0.168	NA	0.21
